0	1.4815e-05
0.0076294	12.926
0.015259	10.175
0.022888	15.613
0.030518	19.221
0.038147	15.83
0.045776	8.3011
0.053406	5.9097
0.061035	3.6876
0.068665	8.8726
0.076294	27.335
0.083923	34.848
0.091553	31.47
0.099182	32.542
0.10681	56.889
0.11444	76.583
0.12207	88.48
0.1297	77.724
0.13733	90.814
0.14496	92.34
0.15259	101.84
0.16022	103.3
0.16785	110.92
0.17548	112.43
0.18311	111.37
0.19073	109.09
0.19836	116.45
0.20599	121.17
0.21362	131.55
0.22125	134.34
0.22888	139.2
0.23651	141.62
0.24414	141.5
0.25177	138
0.2594	143.34
0.26703	144.91
0.27466	148.42
0.28229	144.58
0.28992	143.25
0.29755	140.48
0.30518	137.78
0.31281	140.15
0.32043	141.3
0.32806	144.64
0.33569	146.12
0.34332	145.93
0.35095	146.56
0.35858	148.76
0.36621	150.88
0.37384	151.76
0.38147	147.16
0.3891	144.14
0.39673	138.64
0.40436	135.99
0.41199	137.27
0.41962	138.74
0.42725	141.36
0.43488	140.56
0.4425	139.52
0.45013	139.66
0.45776	140.12
0.46539	141.87
0.47302	142.45
0.48065	141.62
0.48828	139.39
0.49591	137.13
0.50354	136.06
0.51117	134.9
0.5188	132.99
0.52643	129.68
0.53406	127.68
0.54169	125.95
0.54932	122.38
0.55695	120.48
0.56458	122.77
0.5722	125.95
0.57983	126.53
0.58746	128.18
0.59509	129.96
0.60272	131.35
0.61035	132.33
0.61798	131.55
0.62561	130.6
0.63324	129.23
0.64087	128.28
0.6485	127.29
0.65613	125.54
0.66376	123.68
0.67139	122.62
0.67902	121.77
0.68665	121.11
0.69427	121.22
0.7019	121.22
0.70953	121.27
0.71716	121.56
0.72479	121.89
0.73242	121.34
0.74005	120.49
0.74768	116.39
0.75531	114.91
0.76294	114.37
0.77057	112.86
0.7782	111.48
0.78583	109.86
0.79346	108.4
0.80109	107.67
0.80872	107.23
0.81635	106.58
0.82397	106.47
0.8316	105.71
0.83923	105.86
0.84686	105.02
0.85449	104.24
0.86212	102.86
0.86975	100.59
0.87738	98.561
0.88501	96.547
0.89264	94.642
0.90027	93.117
0.9079	92.235
0.91553	91.296
0.92316	90.899
0.93079	90.658
0.93842	90.838
0.94604	91.436
0.95367	92.061
0.9613	91.766
0.96893	91.106
0.97656	89.911
0.98419	88.168
0.99182	86.818
0.99945	85.75
1.0071	85.383
1.0147	84.571
1.0223	84.577
1.03	83.838
1.0376	83.906
1.0452	83.49
1.0529	83.152
1.0605	82.854
1.0681	82.545
1.0757	81.897
1.0834	79.776
1.091	74.755
1.0986	72.187
1.1063	72.14
1.1139	72.071
1.1215	72.528
1.1292	72.258
1.1368	71.833
1.1444	70.321
1.152	66.821
1.1597	63.645
1.1673	63.491
1.1749	66.141
1.1826	66.759
1.1902	66.485
1.1978	64.896
1.2054	62.818
1.2131	61.178
1.2207	59.391
1.2283	58.423
1.236	57.484
1.2436	57.096
1.2512	56.707
1.2589	56.299
1.2665	55.257
1.2741	54.452
1.2817	53.626
1.2894	53.14
1.297	52.052
1.3046	51.317
1.3123	50.185
1.3199	49.028
1.3275	48.378
1.3351	47.731
1.3428	47.214
1.3504	46.699
1.358	46.354
1.3657	45.656
1.3733	45.086
1.3809	44.177
1.3885	43.62
1.3962	42.384
1.4038	40.543
1.4114	39.725
1.4191	39.524
1.4267	39.684
1.4343	40.052
1.442	39.742
1.4496	39.226
1.4572	38.92
1.4648	38.162
1.4725	37.541
1.4801	36.818
1.4877	36.406
1.4954	35.819
1.503	35.16
1.5106	34.774
1.5182	34.179
1.5259	33.636
1.5335	33.219
1.5411	32.918
1.5488	32.213
1.5564	31.875
1.564	31.454
1.5717	30.508
1.5793	29.89
1.5869	28.925
1.5945	28.367
1.6022	27.353
1.6098	27.294
1.6174	26.816
1.6251	26.642
1.6327	26.46
1.6403	25.75
1.6479	24.619
1.6556	22.895
1.6632	20.446
1.6708	20.464
1.6785	20.774
1.6861	21.364
1.6937	21.895
1.7014	21.601
1.709	20.439
1.7166	19.992
1.7242	20.306
1.7319	21.171
1.7395	21.662
1.7471	21.76
1.7548	21.771
1.7624	21.786
1.77	21.43
1.7776	21.03
1.7853	20.636
1.7929	20.428
1.8005	19.952
1.8082	19.668
1.8158	19.757
1.8234	19.773
1.8311	19.657
1.8387	19.536
1.8463	19.385
1.8539	18.849
1.8616	18.529
1.8692	17.992
1.8768	18.128
1.8845	17.724
1.8921	17.886
1.8997	17.544
1.9073	17.222
1.915	16.931
1.9226	16.1
1.9302	16.234
1.9379	16.415
1.9455	16.266
1.9531	16.242
1.9608	16.025
1.9684	15.52
1.976	15.439
1.9836	15.263
1.9913	15.293
1.9989	14.795
2.0065	14.557
2.0142	14.857
2.0218	14.054
2.0294	13.89
2.037	13.169
2.0447	13.38
2.0523	13.366
2.0599	13.417
2.0676	13.188
2.0752	13.174
2.0828	12.894
2.0905	12.845
2.0981	13.009
2.1057	12.885
2.1133	12.661
2.121	12.53
2.1286	12.607
2.1362	12.005
2.1439	11.632
2.1515	11.52
2.1591	10.695
2.1667	10.645
2.1744	10.697
2.182	10.599
2.1896	10.273
2.1973	10.352
2.2049	10.12
2.2125	10.13
2.2202	9.7862
2.2278	9.8501
2.2354	9.8444
2.243	9.74
2.2507	9.3128
2.2583	9.0159
2.2659	8.5347
2.2736	8.8469
2.2812	8.7839
2.2888	9.0698
2.2964	8.9958
2.3041	8.965
2.3117	8.6448
2.3193	8.3957
2.327	7.92
2.3346	8.1555
2.3422	7.7051
2.3499	7.5607
2.3575	7.5926
2.3651	7.1748
2.3727	6.6871
2.3804	6.6126
2.388	6.3577
2.3956	6.5114
2.4033	6.5347
2.4109	6.281
2.4185	6.4256
2.4261	6.7108
2.4338	6.7739
2.4414	6.5305
2.449	6.4095
2.4567	5.992
2.4643	6.0101
2.4719	5.9749
2.4796	6.1331
2.4872	6.1673
2.4948	6.1289
2.5024	6.2756
2.5101	5.9501
2.5177	5.7919
2.5253	6.0695
2.533	5.913
2.5406	6.0783
2.5482	6.0481
2.5558	5.7615
2.5635	5.7552
2.5711	5.9353
2.5787	6.2199
2.5864	5.5257
2.594	5.5763
2.6016	5.4941
2.6093	5.1323
2.6169	4.7479
2.6245	4.5318
2.6321	4.022
2.6398	3.8816
2.6474	3.5531
2.655	3.9565
2.6627	4.1335
2.6703	4.256
2.6779	4.2453
2.6855	4.663
2.6932	4.795
2.7008	4.7379
2.7084	4.8462
2.7161	4.482
2.7237	4.0945
2.7313	4.4504
2.739	4.0142
2.7466	3.7104
2.7542	3.6375
2.7618	3.5774
2.7695	3.4198
2.7771	3.4692
2.7847	3.2016
2.7924	3.2906
2.8	3.3658
2.8076	3.682
2.8152	3.8432
2.8229	3.5172
2.8305	3.512
2.8381	4.0552
2.8458	3.6305
2.8534	3.645
2.861	3.5717
2.8687	3.0765
2.8763	3.1956
2.8839	2.8687
2.8915	3.2425
2.8992	3.1137
2.9068	3.2489
2.9144	3.3086
2.9221	3.0886
2.9297	3.3061
2.9373	3.1133
2.9449	2.7411
2.9526	2.9065
2.9602	2.7738
2.9678	2.8846
2.9755	2.4934
2.9831	2.4987
2.9907	2.1992
2.9984	1.8749
3.006	2.0871
3.0136	2.0377
3.0212	2.1212
3.0289	1.7658
3.0365	2.3136
3.0441	1.9314
3.0518	2.2618
3.0594	2.479
3.067	2.6037
3.0746	2.0225
3.0823	2.0472
3.0899	2.1734
3.0975	2.1058
3.1052	2.1918
3.1128	2.0539
3.1204	1.9666
3.1281	1.8629
3.1357	1.7564
3.1433	1.6743
3.1509	1.7747
3.1586	1.7288
3.1662	1.3916
3.1738	1.9932
3.1815	1.7075
3.1891	1.7893
3.1967	1.847
3.2043	1.8948
3.212	1.5441
3.2196	1.8541
3.2272	1.996
3.2349	1.785
3.2425	1.6325
3.2501	1.3425
3.2578	1.5299
3.2654	1.5844
3.273	1.5904
3.2806	1.2241
3.2883	1.6222
3.2959	1.5994
3.3035	1.3351
3.3112	1.4307
3.3188	1.417
3.3264	1.3693
3.334	1.3051
3.3417	1.3284
3.3493	1.7045
3.3569	1.1702
3.3646	1.8098
3.3722	1.3771
3.3798	1.4878
3.3875	1.696
3.3951	1.2399
3.4027	1.2008
3.4103	1.3214
3.418	0.93424
3.4256	1.1304
3.4332	1.0179
3.4409	1.2405
3.4485	0.82217
3.4561	0.81465
3.4637	0.95617
3.4714	0.97339
3.479	0.79595
3.4866	0.89474
3.4943	0.84584
3.5019	1.0376
3.5095	0.73036
3.5172	0.72669
3.5248	0.8493
3.5324	1.1417
3.54	0.90197
3.5477	0.7994
3.5553	1.0515
3.5629	0.78191
3.5706	0.89391
3.5782	0.67321
3.5858	0.67378
3.5934	0.57876
3.6011	0.61174
3.6087	0.85061
3.6163	0.93324
3.624	0.60018
3.6316	0.35669
3.6392	0.44972
3.6469	0.3611
3.6545	0.69757
3.6621	0.33569
3.6697	0.71546
3.6774	0.44859
3.685	0.48063
3.6926	0.42398
3.7003	0.58346
3.7079	0.65946
3.7155	0.41301
3.7231	0.85277
3.7308	0.68071
3.7384	0.45037
3.746	0.47643
3.7537	0.62386
3.7613	0.86611
3.7689	0.70508
3.7766	0.39986
3.7842	0.58794
3.7918	0.22073
3.7994	0.5351
3.8071	0.58016
3.8147	0.17214
3.8223	0.40346
3.83	0.70628
3.8376	0.31566
3.8452	0.22285
3.8528	0.38639
3.8605	0.14415
3.8681	0.088923
3.8757	0.40511
3.8834	0.48199
3.891	0.4497
3.8986	0.46667
3.9063	0.66025
3.9139	0.031674
3.9215	0.30117
3.9291	0.40014
3.9368	0.44969
3.9444	0.35128
3.952	0.41208
3.9597	0.41147
3.9673	0.13337
3.9749	0.383
3.9825	0.28478
3.9902	0.53591
3.9978	0.22314
4.0054	0.33417
4.0131	0.353
4.0207	0.2329
4.0283	0.36412
4.0359	0.42064
4.0436	0.44347
4.0512	0.04285
4.0588	0.22143
4.0665	0.5767
4.0741	0.13619
4.0817	0.1542
4.0894	0.102
4.097	0.12005
4.1046	0.22306
4.1122	0.19342
4.1199	0.17033
4.1275	0.18065
4.1351	0.45213
4.1428	0.42845
4.1504	0.30922
4.158	0.21508
4.1656	0.29654
4.1733	0.25221
4.1809	0.18173
4.1885	0.23028
4.1962	0.12615
4.2038	0.15327
4.2114	0.33354
4.2191	0.50863
4.2267	0.48201
4.2343	0.22464
4.2419	0.26009
4.2496	0.24546
4.2572	0.24047
4.2648	0.12957
4.2725	0.10519
4.2801	0.1537
4.2877	0.35511
4.2953	0.46468
4.303	0.19869
4.3106	0.37616
4.3182	0.13923
4.3259	0.050221
4.3335	0.228
4.3411	0.31432
4.3488	0.29651
4.3564	0.23235
4.364	0.14861
4.3716	0.34701
4.3793	0.18488
4.3869	0.39917
4.3945	0.29946
4.4022	0.45015
4.4098	0.4122
4.4174	0.17245
4.425	0.35034
4.4327	0.11258
4.4403	0.16858
4.4479	0.13042
4.4556	0.30124
4.4632	0.11707
4.4708	0.11175
4.4785	0.2701
4.4861	0.38402
4.4937	0.26901
4.5013	0.42167
4.509	0.1779
4.5166	0.32908
4.5242	0.1999
4.5319	0.31678
4.5395	0.17268
4.5471	0.24622
4.5547	0.16771
4.5624	0.32275
4.57	0.17604
4.5776	0.16698
4.5853	0.18008
4.5929	0.39767
4.6005	0.092492
4.6082	0.16202
4.6158	0.33423
4.6234	0.10401
4.631	0.33013
4.6387	0.10466
4.6463	0.20052
4.6539	0.29728
4.6616	0.098866
4.6692	0.13769
4.6768	0.11729
4.6844	0.27029
4.6921	0.49872
4.6997	0.29126
4.7073	0.16709
4.715	0.065717
4.7226	0.49999
4.7302	0.30279
4.7379	0.076268
4.7455	0.35641
4.7531	0.4746
4.7607	0.20563
4.7684	0.39762
4.776	0.056617
4.7836	0.12447
4.7913	0.14004
4.7989	0.17956
4.8065	0.013487
4.8141	0.35803
4.8218	0.19799
4.8294	0.13666
4.837	0.17138
4.8447	0.43333
4.8523	0.16267
4.8599	0.35278
4.8676	0.32729
4.8752	0.52331
4.8828	0.15247
4.8904	0.19286
4.8981	0.41941
4.9057	0.095859
4.9133	0.33371
4.921	0.19432
4.9286	0.17284
4.9362	0.24041
4.9438	0.35797
4.9515	0.2355
4.9591	0.19576
4.9667	0.060995
4.9744	0.071747
4.982	0.15361
4.9896	0.4829
4.9973	0.25494
